会计年度
2022.12.31
货币资金
137,207,634,925.27
交易性金融资产
18,142,344.65
应收票据
6,552,638.83
应收账款
7,504,692,133.25
预付款项
60,483,538,363.50
其他应收款
272,694,678,240.28
应收关联公司款
--
应收利息
65,827,246.93
应收股利
58,609,323.12
存货
907,056,930,357.78
其中：消耗性生物资产
--
一年内到期的非流动资产
--
其他流动资产
19,411,641,965.88
流动资产合计
1,415,356,379,958.52
可供出售金融资产
--
持有至到期投资
--
长期应收款
--
长期股权投资
129,486,468,278.82
投资性房地产
98,572,393,012.58
固定资产
16,420,265,134.96
在建工程
1,849,725,373.99
工程物资
--
固定资产清理
--
生产性生物资产
319,393,220.91
油气资产
--
无形资产
11,547,544,072.58
开发支出
--
商誉
5,402,285,881.35
长期待摊费用
8,876,080,324.01
递延所得税资产
35,485,474,500.88
其他非流动资产
6,494,070,280.53
非流动资产合计
341,768,064,244.43
资产总计
1,757,124,444,202.95
短期借款
4,133,306,224.89
交易性金融负债
191,792,000.00
应付票据
25,097,432.94
应付账款
289,216,427,644.13
预收款项
1,260,189,265.84
应付职工薪酬
6,763,412,211.06
应交税费
31,835,383,914.77
应付利息
--
应付股利
589,176,992.45
其他应付款
173,904,910,957.66
应付关联公司款
--
一年内到期的非流动负债
63,922,073,345.07
其他流动负债
40,774,571,732.02
流动负债合计
1,077,801,572,017.84
长期借款
180,773,280,621.96
应付债券
68,815,570,155.64
长期应付款
--
专项应付款
--
预计负债
412,292,012.41
递延所得税负债
1,140,340,066.88
其他非流动负债
1,124,157,247.17
非流动负债合计
274,331,365,778.90
负债合计
1,352,132,937,796.74
实收资本（或股本）
11,630,709,471.00
资本公积
22,867,565,043.46
盈余公积
117,743,677,081.49
减：库存股
1,291,800,290.12
未分配利润
97,379,860,046.15
少数股东权益
162,300,164,201.66
外币报表折算价差
--
非正常经营项目收益调整
--
归属母公司所有者权益（或股东权益）
242,691,342,204.55
所有者权益（或股东权益）合计
404,991,506,406.21
负债和所有者（或股东权益）合计
1,757,124,444,202.95